HINT: row index is true value, column index is predicted value
--------------------------------------------------------------
 [0, 1, 2, 3, 4, 5, 6, 7, 8, 9]
0[76, 0, 1, 0, 1, 5, 3, 0, 4, 0]
1[0, 104, 1, 0, 0, 2, 1, 0, 0, 0]
2[1, 3, 80, 4, 1, 0, 6, 1, 5, 2]
3[0, 2, 0, 79, 0, 3, 2, 6, 2, 6]
4[0, 1, 0, 0, 82, 0, 3, 1, 2, 18]
5[2, 2, 1, 12, 3, 62, 1, 1, 2, 6]
6[1, 6, 4, 0, 4, 5, 69, 0, 2, 0]
7[0, 6, 3, 0, 3, 0, 0, 77, 3, 14]
8[2, 1, 3, 14, 2, 6, 0, 1, 62, 12]
9[1, 1, 1, 3, 9, 2, 0, 2, 1, 80]

--------------------------------------------------------------
Classification rate for each digit:
The class 0: 0.8444444444444444
The class 1: 0.9629629629629629
The class 2: 0.7766990291262136
The class 3: 0.79
The class 4: 0.7663551401869159
The class 5: 0.6739130434782609
The class 6: 0.7582417582417582
The class 7: 0.7264150943396226
The class 8: 0.6019417475728155
The class 9: 0.8
